# mymap

boundary 0.0 -5.0 0.0 10.0 21.0 6.0

block  0.0  -2.0  0.0 10.0  -1.0  1.5 255   0   0
block  0.0  -2.0  4.5 10.0  -1.0  6.0 255   0   0

block  0.0  -2.0  1.5  2.0  -1.0  4.5 255   0   0
block  5.0  -2.0  1.5 10.0  -1.0  4.5 255   0   0

block  0.0  2.0  0.0 10.0  3.0  1.5 255   0   0
block  0.0  2.0  4.5 10.0  3.0  6.0 255   0   0

block  0.0  2.0  1.5  5.0  3.0  4.5 255   0   0
block  8.0  2.0  1.5 10.0  3.0  4.5 255   0   0

block  0.0  6.0  0.0 10.0  7.0  1.5 255   0   0
block  0.0  6.0  4.5 10.0  7.0  6.0 255   0   0

block  0.0  6.0  1.5  2.0  7.0  4.5 255   0   0
block  5.0  6.0  1.5 10.0  7.0  4.5 255   0   0

block  0.0  10.0  0.0 10.0  11.0  1.5 255   0   0
block  0.0  10.0  4.5 10.0  11.0  6.0 255   0   0

block  0.0  10.0  1.5  5.0  11.0  4.5 255   0   0
block  8.0  10.0  1.5 10.0  11.0  4.5 255   0   0

block  0.0  14.0  0.0 10.0  15.0  1.5 255   0   0
block  0.0  14.0  4.5 10.0  15.0  6.0 255   0   0

block  0.0  14.0  1.5  2.0  15.0  4.5 255   0   0
block  5.0  14.0  1.5 10.0  15.0  4.5 255   0   0

block  0.0  18.0  0.0 10.0  19.0  1.5 255   0   0
block  0.0  18.0  4.5 10.0  19.0  6.0 255   0   0

block  0.0  18.0  1.5  5.0  19.0  4.5 255   0   0
block  8.0  18.0  1.5 10.0  19.0  4.5 255   0   0




